#!/bin/bash
# this script will produce one namoptions file for each of the values we want to try for the sensitivity analysis of wsmmaq

#rm namoptions_w*
#rm chem.inp_w*

Listoffiles="namoptions_*"
amountws=101
ws[1]=0.0000000
ws[2]=0.0000004
ws[3]=0.0000008
ws[4]=0.0000012
ws[5]=0.0000016
ws[6]=0.0000020
ws[7]=0.0000024
ws[8]=0.0000028
ws[9]=0.0000032
ws[10]=0.0000036
ws[11]=0.0000040
ws[12]=0.0000044
ws[13]=0.0000048
ws[14]=0.0000052
ws[15]=0.0000056
ws[16]=0.0000060
ws[17]=0.0000064
ws[18]=0.0000068
ws[19]=0.0000072
ws[20]=0.0000076
ws[21]=0.0000080
ws[22]=0.0000084
ws[23]=0.0000088
ws[24]=0.0000092
ws[25]=0.0000096
ws[26]=0.0000100
ws[27]=0.0000104
ws[28]=0.0000108
ws[29]=0.0000112
ws[30]=0.0000116
ws[31]=0.0000120
ws[32]=0.0000124
ws[33]=0.0000128
ws[34]=0.0000132
ws[35]=0.0000136
ws[36]=0.0000140
ws[37]=0.0000144
ws[38]=0.0000148
ws[39]=0.0000152
ws[40]=0.0000156
ws[41]=0.0000160
ws[42]=0.0000164
ws[43]=0.0000168
ws[44]=0.0000172
ws[45]=0.0000176
ws[46]=0.0000180
ws[47]=0.0000184
ws[48]=0.0000188
ws[49]=0.0000192
ws[50]=0.0000196
ws[51]=0.0000200
ws[52]=0.0000204
ws[53]=0.0000208
ws[54]=0.0000212
ws[55]=0.0000216
ws[56]=0.0000220
ws[57]=0.0000224
ws[58]=0.0000228
ws[59]=0.0000232
ws[60]=0.0000236
ws[61]=0.0000240
ws[62]=0.0000244
ws[63]=0.0000248
ws[64]=0.0000252
ws[65]=0.0000256
ws[66]=0.0000260
ws[67]=0.0000264
ws[68]=0.0000268
ws[69]=0.0000272
ws[70]=0.0000276
ws[71]=0.0000280
ws[72]=0.0000284
ws[73]=0.0000288
ws[74]=0.0000292
ws[75]=0.0000296
ws[76]=0.0000300
ws[77]=0.0000304
ws[78]=0.0000308
ws[79]=0.0000312
ws[80]=0.0000316
ws[81]=0.0000320
ws[82]=0.0000324
ws[83]=0.0000328
ws[84]=0.0000332
ws[85]=0.0000336
ws[86]=0.0000340
ws[87]=0.0000344
ws[88]=0.0000348
ws[89]=0.0000352
ws[90]=0.0000356
ws[91]=0.0000360
ws[92]=0.0000364
ws[93]=0.0000368
ws[94]=0.0000372
ws[95]=0.0000376
ws[96]=0.0000380
ws[97]=0.0000384
ws[98]=0.0000388
ws[99]=0.0000392
ws[100]=0.0000396
ws[101]=0.0000400


for i in ${Listoffiles}
do
chemfiletemp="$(echo ${i}|cut -d'_' -f2)"
chemfile="chem.inp_$chemfiletemp"
for j in $(jot ${amountws} 1) #from j=1 to j=9
do
nrws="$(printf "%3.3d" $j)"

#j="$(echo ${i}|cut -d'.' -f2)"
cp $i ${i}ws$nrws
#cp $chemfile ${chemfile}ws$nrws
echo ${i}ws$nrws
sed -i '.saved' 25s/"0.000007"/"${ws[$j]}"/1 ${i}ws$nrws  #sed will replace at line number 27
							   #ws original value 286. by a new value (looped)
							   #in wse file namoptions_ws00X (looped)
							   #it will also save a backup file "namoptions_ws00X.saved"
sed -i '.saved' 4s/"OBS04AUG2007"/"SENS_ws$nrws"/1 ${i}ws$nrws
rm -f *saved
done
done
